29 5865
184 778
197 357
199 1849
204 9305
215 820
331 6867
343 820
404 722
495 7288
691 6606
722 404
787 958
958 787
1012 3226
1120 4918
1160 1510
1273 1226
1310 8699
1367 9220
1392 11110
1509 6565
1510 1160
1696 357
1814 9867
1849 199
1856 2120
1881 2120
1979 4996
2120 1856
2121 6472
2136 3072
2152 953
2161 11516
2323 1942
2323 1721
2380 2606
2470 1847
2503 5727
2542 2748
2686 4183
2753 6859
2760 2957
2833 9369
2889 1685
3071 2957
3384 3608
3396 525
3399 3428
3409 3076
3433 3832
3454 3533
3474 3552
3485 3246
3541 3728
3642 3389
3649 3605
3667 8914
3702 11458
3735 3189
3815 5823
3986 1936
3986 169
3986 1470
3986 1674
3986 1992
3986 2391
3986 790
3986 3048
3986 2080
3986 2453
3986 2783
3986 2476
3986 648
3986 2184
3986 3487
3986 2213
3986 3140
3986 2215
3986 2908
3986 2597
3986 3349
4029 4110
4030 953
4066 507
4079 1634
4089 2991
4352 1990
4505 1600
4514 357
4514 1696
4577 9319
4578 5553
4620 1515
4637 586
4640 891
4665 1601
4666 5227
4724 667
4748 3
4826 4755
4836 1496
4863 131
4918 1120
5002 725
5029 10138
5052 4072
5098 5308
5115 2119
5210 4431
5210 4618
5210 4270
5210 5467
5210 5155
5210 5822
5210 6005
5210 5004
5210 4670
5210 5198
5210 5860
5210 5343
5210 5345
5210 5533
5210 5713
5210 6054
5210 5394
5210 7384
5210 4580
5210 5929
5210 5606
5210 4778
5210 4958
5210 5439
5278 2152
5308 5098
5322 7148
5421 863
5429 1258
5446 6183
5473 2093
5478 2067
5518 1812
5570 8887
5676 211
5729 4987
5730 1360
5737 1220
5744 682
5751 620
5757 3552
5775 3245
5862 202
5865 29
5946 4472
5961 7034
5982 6183
6032 5518
6040 1385
6159 8465
6159 8779
6159 9319
6198 6124
6232 7307
6236 5959
6276 836
6300 668
6301 4486
6302 10674
6348 4842
6358 5892
6374 6518
6381 7340
6402 704
6427 1998
6432 6541
6432 8356
6448 3986
6512 1469
6512 5723
6541 8356
6551 5024
6565 1509
6572 6488
6572 6973
6572 6830
6572 6461
6580 3065
6587 1515
6590 456
6650 3402
6673 3184
6678 620
6724 6993
6752 1817
6767 4032
6809 7074
6809 7121
6809 7009
6809 7269
6809 6456
6815 3217
6815 7814
6815 3077
6815 5887
6815 7558
6815 2128
6815 3851
6815 3852
6857 5812
6895 5473
6903 3212
6908 5725
6913 727
6913 5151
6913 4895
6947 5503
7036 539
7058 2076
7092 6803
7122 5534
7122 620
7148 5322
7182 1447
7210 4209
7267 1161
7300 4641
7300 3575
7300 663
7300 6587
7300 144
7307 6232
7308 8763
7340 6031
7360 3080
7371 82
7391 162
7393 961
7400 1233
7402 305
7409 2862
7424 8670
7430 7810
7443 347
7456 4568
7461 7207
7480 5959
7489 7416
7491 2310
7491 4390
7492 5518
7507 1933
7526 11461
7539 2089
7582 10542
7588 1702
7617 7116
7659 6372
7690 109
7691 1233
7693 572
7705 4479
7705 112
7749 2371
7764 5002
7822 5795
7822 2523
7835 4806
7850 5862
7851 473
7854 4299
7856 7621
7911 3318
7914 5300
7938 80
7988 3361
8000 2794
8021 3446
8034 6051
8035 2904
8061 5303
8113 4233
8121 6046
8135 5371
8175 6733
8176 3230
8182 3197
8227 1876
8238 4130
8247 607
8249 9171
8252 2995
8351 5585
8398 5557
8449 8957
8465 8779
8465 9319
8477 230
8495 8588
8508 8695
8517 1515
8528 2917
8530 5974
8530 4640
8530 1502
8550 8060
8571 7272
8599 1258
8619 4130
8622 620
8633 8420
8636 92
8636 7259
8699 1310
8705 138
8724 446
8724 3812
8770 8414
8779 8465
8779 9319
8811 288
8824 3387
8855 6181
8957 8449
8987 9319
8990 3209
8990 9220
8990 7885
8993 6681
9027 4322
9053 2523
9064 6046
9093 9319
9110 4297
9125 3224
9234 7813
9245 4146
9282 5585
9283 5136
9283 7333
9283 107
9374 9625
9382 3153
9397 6322
9406 9657
9408 3255
9416 3378
9416 3428
9421 9883
9426 4130
9436 3230
9456 414
9456 6536
9456 2197
9459 3341
9469 3726
9518 601
9537 10114
9546 4352
9557 10221
9558 5603
9634 10134
9714 3229
9714 3230
9724 3694
9754 5815
9773 9607
9805 476
9826 10009
9836 4396
9847 2739
9867 1814
9892 7169
9892 6778
9893 3230
9913 3425
9921 1398
9929 6547
9936 3094
9949 5051
9959 3371
9960 10418
9974 7291
9992 3230
9998 3333
10031 4647
10056 10162
10081 9572
10092 9462
10092 9870
10095 9408
10095 3255
10100 3230
10100 3431
10102 9720
10105 9403
10105 3428
10105 3340
10110 9117
10111 3626
10114 9537
10120 865
10133 1072
10139 3999
10165 9646
10176 3671
10197 1990
10214 3823
10242 3230
10246 9710
10257 196
10257 347
10276 63
10278 9731
10302 1892
10320 4117
10351 6512
10357 11138
10361 11345
10386 495
10387 10662
10387 11241
10443 2755
10450 8636
10450 476
10479 6602
10483 10429
10485 10812
10487 10949
10563 170
10584 6954
10590 10949
10618 11138
10620 359
10642 11304
10671 216
10679 2214
10685 5544
10718 11617
10719 725
10730 7288
10738 8251
10741 5322
10780 4636
10832 788
10933 319
10938 10970
10970 10938
10977 5065
10978 10805
10984 6275
10985 4566
11043 1362
11080 6645
11110 1392
11128 10336
11157 11241
11256 905
11258 5346
11263 11314
11278 3961
11284 11241
11306 7238
11373 1478
11391 6031
11416 42
11433 6454
11440 8548
11455 2881
11473 1151
11473 8338
11473 10448
11495 8077
11500 3921
11573 5620
11573 6394
11575 4238
11586 11688
11598 11655
11601 7449
11623 8141
11624 332
11636 306
11646 3694
11646 3295
11649 5359
11658 5495
11680 2257
11701 2623
11701 362
11734 11
11756 3699
11759 1118
11761 2974
11764 788
11764 10832
11772 9374
11778 1779
11797 8075
11797 3685
11803 3915
11812 7539
11841 1828
11852 4880
11883 3968
11906 6648
11933 97
11935 446
11936 4072
11940 4252
numeber of paper:11984  number of edge:509